prefix	length	first	prediction	default	accuracy	upper_bound	num_captured	num_captured_correct	num_not_captured
	0	-1		1	0.638497652582	1.0	0	0	639
19,	1	19	1,	1	0.638497652582	1.0	56	56	583
26,	1	26	1,	1	0.638497652582	0.992175273865	47	42	592
29,	1	29	1,	1	0.638497652582	1.0	52	52	587
51,	1	51	0,	1	0.694835680751	1.0	36	36	603
53,	1	53	1,	1	0.638497652582	1.0	48	48	591
62,	1	62	0,	1	0.679186228482	0.990610328638	38	32	601
110,	1	110	1,	1	0.638497652582	1.0	46	46	593
115,	1	115	1,	1	0.638497652582	0.992175273865	50	45	589
134,	1	134	0,	1	0.69014084507	1.0	33	33	606
153,	1	153	0,	1	0.677621283255	1.0	25	25	614
176,	1	176	0,	1	0.682316118936	1.0	28	28	611
178,	1	178	0,	1	0.682316118936	1.0	28	28	611
198,	1	198	0,	1	0.680751173709	0.992175273865	37	32	602
224,	1	224	1,	1	0.638497652582	0.993740219092	47	43	592
239,	1	239	1,	1	0.638497652582	0.992175273865	46	41	593
281,	1	281	1,	1	0.638497652582	1.0	47	47	592
298,	1	298	1,	1	0.638497652582	0.990610328638	53	47	586
304,	1	304	1,	1	0.638497652582	1.0	59	59	580
314,	1	314	1,	1	0.638497652582	1.0	54	54	585
333,	1	333	1,	1	0.638497652582	1.0	61	61	578
339,	1	339	1,	1	0.638497652582	0.993740219092	48	44	591
346,	1	346	0,	1	0.674491392801	0.992175273865	33	28	606
362,	1	362	1,	1	0.638497652582	0.990610328638	53	47	586
372,	1	372	0,	1	0.677621283255	1.0	25	25	614
374,	1	374	0,	1	0.674491392801	0.995305164319	29	26	610
375,	1	375	1,	1	0.638497652582	0.992175273865	48	43	591
19, 0	2	19	1, 0	1	0.674491392801	0.992175273865	89	84	550
19, 110	2	19	1, 1	1	0.638497652582	1.0	101	101	538
19, 115	2	19	1, 1	1	0.638497652582	0.992175273865	98	93	541
19, 134	2	19	1, 0	1	0.69014084507	1.0	89	89	550
19, 135	2	19	1, 0	1	0.668231611894	0.990610328638	87	81	552
19, 153	2	19	1, 0	1	0.677621283255	1.0	81	81	558
19, 176	2	19	1, 0	1	0.682316118936	1.0	84	84	555
19, 178	2	19	1, 0	1	0.682316118936	1.0	84	84	555
19, 190	2	19	1, 0	1	0.674491392801	0.993740219092	87	83	552
19, 198	2	19	1, 0	1	0.68544600939	0.996870109546	90	88	549
19, 224	2	19	1, 1	1	0.638497652582	0.993740219092	103	99	536
19, 239	2	19	1, 1	1	0.638497652582	0.992175273865	102	97	537
19, 248	2	19	1, 0	1	0.680751173709	0.995305164319	89	86	550
19, 26	2	19	1, 1	1	0.638497652582	0.992175273865	102	97	537
19, 281	2	19	1, 1	1	0.638497652582	1.0	102	102	537
19, 29	2	19	1, 1	1	0.638497652582	1.0	107	107	532
19, 298	2	19	1, 1	1	0.638497652582	0.990610328638	100	94	539
19, 300	2	19	1, 0	1	0.68544600939	0.996870109546	90	88	549
19, 304	2	19	1, 1	1	0.638497652582	1.0	115	115	524
19, 314	2	19	1, 1	1	0.638497652582	1.0	109	109	530
19, 318	2	19	1, 0	1	0.672926447574	0.992175273865	88	83	551
19, 333	2	19	1, 1	1	0.638497652582	1.0	116	116	523
19, 339	2	19	1, 1	1	0.638497652582	0.993740219092	103	99	536
19, 346	2	19	1, 0	1	0.677621283255	0.995305164319	87	84	552
19, 362	2	19	1, 1	1	0.638497652582	0.990610328638	108	102	531
19, 368	2	19	1, 0	1	0.666666666667	0.990610328638	86	80	553
19, 371	2	19	1, 0	1	0.68544600939	0.992175273865	96	91	543
19, 372	2	19	1, 0	1	0.677621283255	1.0	81	81	558
19, 374	2	19	1, 0	1	0.674491392801	0.995305164319	85	82	554
19, 375	2	19	1, 1	1	0.638497652582	0.992175273865	97	92	542
19, 51	2	19	1, 0	1	0.694835680751	1.0	92	92	547
19, 53	2	19	1, 1	1	0.638497652582	1.0	104	104	535
19, 62	2	19	1, 0	1	0.682316118936	0.993740219092	92	88	547
19, 71	2	19	1, 0	1	0.677621283255	0.995305164319	87	84	552
26, 110	2	26	1, 1	1	0.638497652582	0.992175273865	93	88	546
26, 134	2	26	1, 0	1	0.69014084507	0.992175273865	80	75	559
26, 153	2	26	1, 0	1	0.677621283255	0.992175273865	72	67	567
26, 176	2	26	1, 0	1	0.682316118936	0.992175273865	75	70	564
26, 178	2	26	1, 0	1	0.682316118936	0.992175273865	75	70	564
26, 281	2	26	1, 1	1	0.638497652582	0.992175273865	89	84	550
26, 29	2	26	1, 1	1	0.638497652582	0.992175273865	72	67	567
26, 304	2	26	1, 1	1	0.638497652582	0.992175273865	106	101	533
26, 314	2	26	1, 1	1	0.638497652582	0.992175273865	101	96	538
26, 333	2	26	1, 1	1	0.638497652582	0.992175273865	101	96	538
26, 372	2	26	1, 0	1	0.674491392801	0.992175273865	70	65	569
26, 51	2	26	1, 0	1	0.694835680751	0.992175273865	83	78	556
26, 53	2	26	1, 1	1	0.638497652582	0.992175273865	88	83	551
29, 103	2	29	1, 0	1	0.674491392801	0.992175273865	85	80	554
29, 110	2	29	1, 1	1	0.638497652582	1.0	98	98	541
29, 115	2	29	1, 1	1	0.638497652582	0.992175273865	75	70	564
29, 134	2	29	1, 0	1	0.69014084507	1.0	85	85	554
29, 153	2	29	1, 0	1	0.677621283255	1.0	77	77	562
29, 176	2	29	1, 0	1	0.682316118936	1.0	80	80	559
29, 178	2	29	1, 0	1	0.682316118936	1.0	80	80	559
29, 198	2	29	1, 0	1	0.680751173709	0.992175273865	89	84	550
29, 224	2	29	1, 1	1	0.638497652582	0.993740219092	93	89	546
29, 239	2	29	1, 1	1	0.638497652582	0.992175273865	70	65	569
29, 26	2	29	1, 1	1	0.638497652582	0.992175273865	72	67	567
29, 281	2	29	1, 1	1	0.638497652582	1.0	98	98	541
29, 298	2	29	1, 1	1	0.638497652582	0.990610328638	101	95	538
29, 304	2	29	1, 1	1	0.638497652582	1.0	111	111	528
29, 314	2	29	1, 1	1	0.638497652582	1.0	105	105	534
29, 333	2	29	1, 1	1	0.638497652582	1.0	112	112	527
29, 339	2	29	1, 1	1	0.638497652582	0.993740219092	91	87	548
29, 346	2	29	1, 0	1	0.674491392801	0.992175273865	85	80	554
29, 362	2	29	1, 1	1	0.638497652582	0.990610328638	96	90	543
29, 372	2	29	1, 0	1	0.677621283255	1.0	77	77	562
29, 374	2	29	1, 0	1	0.674491392801	0.995305164319	81	78	558
29, 375	2	29	1, 1	1	0.638497652582	0.992175273865	73	68	566
29, 51	2	29	1, 0	1	0.694835680751	1.0	88	88	551
29, 53	2	29	1, 1	1	0.638497652582	1.0	99	99	540
29, 62	2	29	1, 0	1	0.679186228482	0.990610328638	90	84	549
51, 103	2	51	0, 1	1	0.694835680751	0.993740219092	54	50	585
51, 110	2	51	0, 1	1	0.694835680751	1.0	82	82	557
51, 115	2	51	0, 1	1	0.694835680751	0.992175273865	86	81	553
51, 125	2	51	0, 1	1	0.694835680751	0.995305164319	52	49	587
51, 134	2	51	0, 0	1	0.746478873239	1.0	69	69	570
51, 153	2	51	0, 0	1	0.733959311424	1.0	61	61	578
51, 176	2	51	0, 0	1	0.738654147105	1.0	64	64	575
51, 178	2	51	0, 0	1	0.738654147105	1.0	64	64	575
51, 183	2	51	0, 1	1	0.694835680751	0.995305164319	59	56	580
51, 198	2	51	0, 0	1	0.73082942097	0.992175273865	69	64	570
51, 224	2	51	0, 1	1	0.694835680751	0.993740219092	83	79	556
51, 239	2	51	0, 1	1	0.694835680751	0.992175273865	82	77	557
51, 248	2	51	0, 1	1	0.694835680751	0.990610328638	53	47	586
51, 251	2	51	0, 1	1	0.694835680751	0.993740219092	61	57	578
51, 26	2	51	0, 1	1	0.694835680751	0.992175273865	83	78	556
51, 262	2	51	0, 1	1	0.694835680751	0.990610328638	60	54	579
51, 270	2	51	0, 1	1	0.694835680751	0.990610328638	56	50	583
51, 281	2	51	0, 1	1	0.694835680751	1.0	83	83	556
51, 29	2	51	0, 1	1	0.694835680751	1.0	88	88	551
51, 298	2	51	0, 1	1	0.694835680751	0.990610328638	89	83	550
51, 304	2	51	0, 1	1	0.694835680751	1.0	95	95	544
51, 314	2	51	0, 1	1	0.694835680751	1.0	90	90	549
51, 333	2	51	0, 1	1	0.694835680751	1.0	97	97	542
51, 339	2	51	0, 1	1	0.694835680751	0.993740219092	84	80	555
51, 346	2	51	0, 0	1	0.724569640063	0.992175273865	65	60	574
51, 353	2	51	0, 1	1	0.694835680751	0.992175273865	57	52	582
51, 362	2	51	0, 1	1	0.694835680751	0.990610328638	89	83	550
51, 372	2	51	0, 0	1	0.733959311424	1.0	61	61	578
51, 374	2	51	0, 0	1	0.699530516432	0.995305164319	45	42	594
51, 375	2	51	0, 1	1	0.694835680751	0.992175273865	84	79	555
51, 53	2	51	0, 1	1	0.694835680751	1.0	84	84	555
51, 62	2	51	0, 0	1	0.699530516432	0.990610328638	51	45	588
51, 67	2	51	0, 1	1	0.694835680751	0.990610328638	76	70	563
53, 110	2	53	1, 1	1	0.638497652582	1.0	93	93	546
53, 115	2	53	1, 1	1	0.638497652582	0.992175273865	98	93	541
53, 134	2	53	1, 0	1	0.69014084507	1.0	81	81	558
53, 153	2	53	1, 0	1	0.677621283255	1.0	73	73	566
53, 175	2	53	1, 0	1	0.674491392801	0.993740219092	79	75	560
53, 176	2	53	1, 0	1	0.682316118936	1.0	76	76	563
53, 178	2	53	1, 0	1	0.682316118936	1.0	76	76	563
53, 181	2	53	1, 0	1	0.669796557121	0.992175273865	78	73	561
53, 198	2	53	1, 0	1	0.680751173709	0.992175273865	85	80	554
53, 224	2	53	1, 1	1	0.638497652582	0.993740219092	87	83	552
53, 239	2	53	1, 1	1	0.638497652582	0.992175273865	87	82	552
53, 26	2	53	1, 1	1	0.638497652582	0.992175273865	88	83	551
53, 262	2	53	1, 0	1	0.671361502347	0.992175273865	79	74	560
53, 281	2	53	1, 1	1	0.638497652582	1.0	94	94	545
53, 29	2	53	1, 1	1	0.638497652582	1.0	99	99	540
53, 298	2	53	1, 1	1	0.638497652582	0.990610328638	101	95	538
53, 304	2	53	1, 1	1	0.638497652582	1.0	107	107	532
53, 314	2	53	1, 1	1	0.638497652582	1.0	101	101	538
53, 333	2	53	1, 1	1	0.638497652582	1.0	108	108	531
53, 339	2	53	1, 1	1	0.638497652582	0.993740219092	91	87	548
53, 346	2	53	1, 0	1	0.674491392801	0.992175273865	81	76	558
53, 362	2	53	1, 1	1	0.638497652582	0.990610328638	101	95	538
53, 372	2	53	1, 0	1	0.677621283255	1.0	73	73	566
53, 374	2	53	1, 0	1	0.674491392801	0.995305164319	77	74	562
53, 375	2	53	1, 1	1	0.638497652582	0.992175273865	91	86	548
53, 51	2	53	1, 0	1	0.694835680751	1.0	84	84	555
53, 62	2	53	1, 0	1	0.679186228482	0.990610328638	86	80	553
62, 110	2	62	0, 1	1	0.679186228482	0.990610328638	84	78	555
62, 134	2	62	0, 0	1	0.727699530516	0.990610328638	69	63	570
62, 153	2	62	0, 0	1	0.718309859155	0.990610328638	63	57	576
62, 176	2	62	0, 0	1	0.723004694836	0.990610328638	66	60	573
62, 178	2	62	0, 0	1	0.718309859155	0.990610328638	63	57	576
62, 281	2	62	0, 1	1	0.679186228482	0.990610328638	81	75	558
62, 29	2	62	0, 1	1	0.679186228482	0.990610328638	90	84	549
62, 304	2	62	0, 1	1	0.679186228482	0.990610328638	97	91	542
62, 314	2	62	0, 1	1	0.679186228482	0.990610328638	92	86	547
62, 333	2	62	0, 1	1	0.679186228482	0.990610328638	99	93	540
62, 372	2	62	0, 0	1	0.715179968701	0.990610328638	61	55	578
62, 51	2	62	0, 0	1	0.699530516432	0.990610328638	51	45	588
62, 53	2	62	0, 1	1	0.679186228482	0.990610328638	86	80	553
110, 115	2	110	1, 1	1	0.638497652582	0.992175273865	96	91	543
110, 121	2	110	1, 0	1	0.679186228482	0.993740219092	80	76	559
110, 125	2	110	1, 0	1	0.674491392801	0.993740219092	77	73	562
110, 134	2	110	1, 0	1	0.69014084507	1.0	79	79	560
110, 153	2	110	1, 0	1	0.677621283255	1.0	71	71	568
110, 176	2	110	1, 0	1	0.682316118936	1.0	74	74	565
110, 178	2	110	1, 0	1	0.682316118936	1.0	74	74	565
110, 198	2	110	1, 0	1	0.683881064163	0.995305164319	81	78	558
110, 224	2	110	1, 1	1	0.638497652582	0.993740219092	93	89	546
110, 239	2	110	1, 1	1	0.638497652582	0.992175273865	89	84	550
110, 26	2	110	1, 1	1	0.638497652582	0.992175273865	93	88	546
110, 281	2	110	1, 1	1	0.638497652582	1.0	93	93	546
110, 29	2	110	1, 1	1	0.638497652582	1.0	98	98	541
110, 298	2	110	1, 1	1	0.638497652582	0.990610328638	99	93	540
110, 303	2	110	1, 0	1	0.680751173709	0.990610328638	85	79	554
110, 304	2	110	1, 1	1	0.638497652582	1.0	105	105	534
110, 314	2	110	1, 1	1	0.638497652582	1.0	100	100	539
110, 319	2	110	1, 0	1	0.668231611894	0.992175273865	75	70	564
110, 333	2	110	1, 1	1	0.638497652582	1.0	107	107	532
110, 339	2	110	1, 1	1	0.638497652582	0.993740219092	90	86	549
110, 346	2	110	1, 0	1	0.679186228482	0.996870109546	76	74	563
110, 362	2	110	1, 1	1	0.638497652582	0.990610328638	99	93	540
110, 372	2	110	1, 0	1	0.677621283255	1.0	71	71	568
110, 373	2	110	1, 0	1	0.671361502347	0.993740219092	75	71	564
110, 374	2	110	1, 0	1	0.676056338028	0.996870109546	74	72	565
110, 375	2	110	1, 1	1	0.638497652582	0.992175273865	90	85	549
110, 51	2	110	1, 0	1	0.694835680751	1.0	82	82	557
110, 53	2	110	1, 1	1	0.638497652582	1.0	93	93	546
110, 62	2	110	1, 0	1	0.679186228482	0.990610328638	84	78	555
110, 65	2	110	1, 0	1	0.676056338028	0.993740219092	78	74	561
110, 83	2	110	1, 0	1	0.68544600939	0.996870109546	80	78	559
115, 110	2	115	1, 1	1	0.638497652582	0.992175273865	96	91	543
115, 134	2	115	1, 0	1	0.69014084507	0.992175273865	83	78	556
115, 153	2	115	1, 0	1	0.677621283255	0.992175273865	75	70	564
115, 176	2	115	1, 0	1	0.679186228482	0.992175273865	76	71	563
115, 178	2	115	1, 0	1	0.682316118936	0.992175273865	78	73	561
115, 281	2	115	1, 1	1	0.638497652582	0.992175273865	96	91	543
115, 29	2	115	1, 1	1	0.638497652582	0.992175273865	75	70	564
115, 304	2	115	1, 1	1	0.638497652582	0.992175273865	109	104	530
115, 314	2	115	1, 1	1	0.638497652582	0.992175273865	96	91	543
115, 333	2	115	1, 1	1	0.638497652582	0.992175273865	104	99	535
115, 372	2	115	1, 0	1	0.677621283255	0.992175273865	75	70	564
115, 51	2	115	1, 0	1	0.694835680751	0.992175273865	86	81	553
115, 53	2	115	1, 1	1	0.638497652582	0.992175273865	98	93	541
134, 110	2	134	0, 1	1	0.69014084507	1.0	79	79	560
134, 115	2	134	0, 1	1	0.69014084507	0.992175273865	83	78	556
134, 153	2	134	0, 0	1	0.729264475743	1.0	58	58	581
134, 162	2	134	0, 1	1	0.69014084507	0.993740219092	50	46	589
134, 176	2	134	0, 0	1	0.733959311424	1.0	61	61	578
134, 178	2	134	0, 0	1	0.733959311424	1.0	61	61	578
134, 193	2	134	0, 1	1	0.69014084507	0.992175273865	51	46	588
134, 198	2	134	0, 0	1	0.699530516432	0.992175273865	49	44	590
134, 201	2	134	0, 1	1	0.69014084507	0.992175273865	82	77	557
134, 224	2	134	0, 1	1	0.69014084507	0.993740219092	80	76	559
134, 239	2	134	0, 1	1	0.69014084507	0.992175273865	79	74	560
134, 26	2	134	0, 1	1	0.69014084507	0.992175273865	80	75	559
134, 281	2	134	0, 1	1	0.69014084507	1.0	80	80	559
134, 29	2	134	0, 1	1	0.69014084507	1.0	85	85	554
134, 297	2	134	0, 1	1	0.69014084507	0.992175273865	51	46	588
134, 298	2	134	0, 1	1	0.69014084507	0.990610328638	86	80	553
134, 304	2	134	0, 1	1	0.69014084507	1.0	92	92	547
134, 314	2	134	0, 1	1	0.69014084507	1.0	87	87	552
134, 333	2	134	0, 1	1	0.69014084507	1.0	94	94	545
134, 339	2	134	0, 1	1	0.69014084507	0.993740219092	81	77	558
134, 346	2	134	0, 0	1	0.699530516432	0.992175273865	49	44	590
134, 362	2	134	0, 1	1	0.69014084507	0.990610328638	86	80	553
134, 372	2	134	0, 0	1	0.729264475743	1.0	58	58	581
134, 374	2	134	0, 0	1	0.723004694836	0.995305164319	60	57	579
134, 375	2	134	0, 1	1	0.69014084507	0.992175273865	81	76	558
134, 51	2	134	0, 0	1	0.746478873239	1.0	69	69	570
134, 53	2	134	0, 1	1	0.69014084507	1.0	81	81	558
134, 62	2	134	0, 0	1	0.727699530516	0.990610328638	69	63	570
153, 110	2	153	0, 1	1	0.677621283255	1.0	71	71	568
153, 115	2	153	0, 1	1	0.677621283255	0.992175273865	75	70	564
153, 134	2	153	0, 0	1	0.729264475743	1.0	58	58	581
153, 159	2	153	0, 1	1	0.677621283255	0.995305164319	66	63	573
153, 17	2	153	0, 1	1	0.677621283255	0.993740219092	70	66	569
153, 176	2	153	0, 0	1	0.721439749609	1.0	53	53	586
153, 178	2	153	0, 0	1	0.721439749609	1.0	53	53	586
153, 198	2	153	0, 0	1	0.715179968701	0.992175273865	59	54	580
153, 224	2	153	0, 1	1	0.677621283255	0.993740219092	72	68	567
153, 239	2	153	0, 1	1	0.677621283255	0.992175273865	71	66	568
153, 26	2	153	0, 1	1	0.677621283255	0.992175273865	72	67	567
153, 281	2	153	0, 1	1	0.677621283255	1.0	72	72	567
153, 29	2	153	0, 1	1	0.677621283255	1.0	77	77	562
153, 298	2	153	0, 1	1	0.677621283255	0.990610328638	78	72	561
153, 304	2	153	0, 1	1	0.677621283255	1.0	84	84	555
153, 314	2	153	0, 1	1	0.677621283255	1.0	79	79	560
153, 32	2	153	0, 1	1	0.677621283255	0.992175273865	72	67	567
153, 333	2	153	0, 1	1	0.677621283255	1.0	86	86	553
153, 339	2	153	0, 1	1	0.677621283255	0.993740219092	73	69	566
153, 346	2	153	0, 0	1	0.713615023474	0.992175273865	58	53	581
153, 362	2	153	0, 1	1	0.677621283255	0.990610328638	78	72	561
153, 372	2	153	0, 0	1	0.716744913928	1.0	50	50	589
153, 374	2	153	0, 0	1	0.712050078247	0.995305164319	53	50	586
153, 375	2	153	0, 1	1	0.677621283255	0.992175273865	73	68	566
153, 51	2	153	0, 0	1	0.733959311424	1.0	61	61	578
153, 53	2	153	0, 1	1	0.677621283255	1.0	73	73	566
153, 55	2	153	0, 1	1	0.677621283255	1.0	66	66	573
153, 62	2	153	0, 0	1	0.718309859155	0.990610328638	63	57	576
153, 96	2	153	0, 1	1	0.677621283255	0.990610328638	73	67	566
176, 110	2	176	0, 1	1	0.682316118936	1.0	74	74	565
176, 115	2	176	0, 1	1	0.682316118936	0.995305164319	76	73	563
176, 134	2	176	0, 0	1	0.733959311424	1.0	61	61	578
176, 146	2	176	0, 1	1	0.682316118936	0.996870109546	73	71	566
176, 149	2	176	0, 1	1	0.682316118936	0.995305164319	73	70	566
176, 153	2	176	0, 0	1	0.721439749609	1.0	53	53	586
176, 178	2	176	0, 0	1	0.72613458529	1.0	56	56	583
176, 198	2	176	0, 0	1	0.724569640063	0.992175273865	65	60	574
176, 220	2	176	0, 1	1	0.682316118936	0.992175273865	98	93	541
176, 224	2	176	0, 1	1	0.682316118936	0.993740219092	75	71	564
176, 239	2	176	0, 1	1	0.682316118936	0.995305164319	72	69	567
176, 246	2	176	0, 1	1	0.682316118936	0.995305164319	77	74	562
176, 26	2	176	0, 1	1	0.682316118936	0.992175273865	75	70	564
176, 281	2	176	0, 1	1	0.682316118936	1.0	75	75	564
176, 29	2	176	0, 1	1	0.682316118936	1.0	80	80	559
176, 298	2	176	0, 1	1	0.682316118936	0.990610328638	81	75	558
176, 3	2	176	0, 1	1	0.682316118936	0.998435054773	80	79	559
176, 304	2	176	0, 1	1	0.682316118936	1.0	87	87	552
176, 314	2	176	0, 1	1	0.682316118936	1.0	82	82	557
176, 333	2	176	0, 1	1	0.682316118936	1.0	89	89	550
176, 339	2	176	0, 1	1	0.682316118936	0.995305164319	75	72	564
176, 346	2	176	0, 0	1	0.715179968701	0.992175273865	59	54	580
176, 362	2	176	0, 1	1	0.682316118936	0.993740219092	79	75	560
176, 369	2	176	0, 1	1	0.682316118936	0.998435054773	79	78	560
176, 372	2	176	0, 0	1	0.721439749609	1.0	53	53	586
176, 374	2	176	0, 0	1	0.718309859155	0.995305164319	57	54	582
176, 375	2	176	0, 1	1	0.682316118936	0.992175273865	76	71	563
176, 51	2	176	0, 0	1	0.738654147105	1.0	64	64	575
176, 53	2	176	0, 1	1	0.682316118936	1.0	76	76	563
176, 54	2	176	0, 1	1	0.682316118936	0.996870109546	72	70	567
176, 61	2	176	0, 1	1	0.682316118936	0.992175273865	88	83	551
176, 62	2	176	0, 0	1	0.723004694836	0.990610328638	66	60	573
176, 91	2	176	0, 1	1	0.682316118936	0.990610328638	77	71	562
176, 96	2	176	0, 1	1	0.682316118936	0.992175273865	75	70	564
178, 110	2	178	0, 1	1	0.682316118936	1.0	74	74	565
178, 115	2	178	0, 1	1	0.682316118936	0.992175273865	78	73	561
178, 122	2	178	0, 1	1	0.682316118936	0.996870109546	76	74	563
178, 134	2	178	0, 0	1	0.733959311424	1.0	61	61	578
178, 153	2	178	0, 0	1	0.721439749609	1.0	53	53	586
178, 176	2	178	0, 0	1	0.72613458529	1.0	56	56	583
178, 180	2	178	0, 1	1	0.682316118936	0.998435054773	76	75	563
178, 198	2	178	0, 0	1	0.724569640063	0.992175273865	65	60	574
178, 209	2	178	0, 1	1	0.682316118936	0.995305164319	75	72	564
178, 224	2	178	0, 1	1	0.682316118936	0.993740219092	75	71	564
178, 239	2	178	0, 1	1	0.682316118936	0.992175273865	74	69	565
178, 26	2	178	0, 1	1	0.682316118936	0.992175273865	75	70	564
178, 281	2	178	0, 1	1	0.682316118936	1.0	75	75	564
178, 29	2	178	0, 1	1	0.682316118936	1.0	80	80	559
178, 296	2	178	0, 1	1	0.682316118936	0.990610328638	82	76	557
178, 298	2	178	0, 1	1	0.682316118936	0.990610328638	81	75	558
178, 304	2	178	0, 1	1	0.682316118936	1.0	87	87	552
178, 314	2	178	0, 1	1	0.682316118936	1.0	82	82	557
178, 333	2	178	0, 1	1	0.682316118936	1.0	89	89	550
178, 337	2	178	0, 1	1	0.682316118936	0.995305164319	72	69	567
178, 339	2	178	0, 1	1	0.682316118936	0.993740219092	76	72	563
178, 346	2	178	0, 0	1	0.713615023474	0.992175273865	58	53	581
178, 354	2	178	0, 1	1	0.682316118936	0.993740219092	75	71	564
178, 356	2	178	0, 1	1	0.682316118936	0.998435054773	73	72	566
178, 362	2	178	0, 1	1	0.682316118936	0.990610328638	81	75	558
178, 365	2	178	0, 1	1	0.682316118936	0.992175273865	74	69	565
178, 372	2	178	0, 0	1	0.721439749609	1.0	53	53	586
178, 374	2	178	0, 0	1	0.718309859155	0.995305164319	57	54	582
178, 375	2	178	0, 1	1	0.682316118936	0.992175273865	76	71	563
178, 5	2	178	0, 1	1	0.682316118936	0.996870109546	72	70	567
178, 51	2	178	0, 0	1	0.738654147105	1.0	64	64	575
178, 53	2	178	0, 1	1	0.682316118936	1.0	76	76	563
178, 56	2	178	0, 1	1	0.682316118936	0.993740219092	76	72	563
178, 62	2	178	0, 0	1	0.718309859155	0.990610328638	63	57	576
178, 96	2	178	0, 1	1	0.682316118936	0.990610328638	76	70	563
198, 110	2	198	0, 1	1	0.680751173709	0.992175273865	81	76	558
198, 134	2	198	0, 0	1	0.699530516432	0.992175273865	49	44	590
198, 153	2	198	0, 0	1	0.715179968701	0.992175273865	59	54	580
198, 176	2	198	0, 0	1	0.724569640063	0.992175273865	65	60	574
198, 178	2	198	0, 0	1	0.724569640063	0.992175273865	65	60	574
198, 281	2	198	0, 1	1	0.680751173709	0.992175273865	84	79	555
198, 29	2	198	0, 1	1	0.680751173709	0.992175273865	89	84	550
198, 304	2	198	0, 1	1	0.680751173709	0.992175273865	96	91	543
198, 314	2	198	0, 1	1	0.680751173709	0.992175273865	91	86	548
198, 333	2	198	0, 1	1	0.680751173709	0.992175273865	98	93	541
198, 372	2	198	0, 0	1	0.719874804382	0.992175273865	62	57	577
198, 51	2	198	0, 0	1	0.73082942097	0.992175273865	69	64	570
198, 53	2	198	0, 1	1	0.680751173709	0.992175273865	85	80	554
224, 110	2	224	1, 1	1	0.638497652582	0.993740219092	93	89	546
224, 134	2	224	1, 0	1	0.69014084507	0.993740219092	80	76	559
224, 153	2	224	1, 0	1	0.677621283255	0.993740219092	72	68	567
224, 176	2	224	1, 0	1	0.682316118936	0.993740219092	75	71	564
224, 178	2	224	1, 0	1	0.682316118936	0.993740219092	75	71	564
224, 281	2	224	1, 1	1	0.638497652582	0.993740219092	89	85	550
224, 29	2	224	1, 1	1	0.638497652582	0.993740219092	93	89	546
224, 304	2	224	1, 1	1	0.638497652582	0.993740219092	105	101	534
224, 314	2	224	1, 1	1	0.638497652582	0.993740219092	101	97	538
224, 333	2	224	1, 1	1	0.638497652582	0.993740219092	80	76	559
224, 372	2	224	1, 0	1	0.676056338028	0.993740219092	71	67	568
224, 51	2	224	1, 0	1	0.694835680751	0.993740219092	83	79	556
224, 53	2	224	1, 1	1	0.638497652582	0.993740219092	87	83	552
239, 110	2	239	1, 1	1	0.638497652582	0.992175273865	89	84	550
239, 134	2	239	1, 0	1	0.69014084507	0.992175273865	79	74	560
239, 153	2	239	1, 0	1	0.677621283255	0.992175273865	71	66	568
239, 176	2	239	1, 0	1	0.679186228482	0.992175273865	72	67	567
239, 178	2	239	1, 0	1	0.682316118936	0.992175273865	74	69	565
239, 281	2	239	1, 1	1	0.638497652582	0.992175273865	92	87	547
239, 29	2	239	1, 1	1	0.638497652582	0.992175273865	70	65	569
239, 304	2	239	1, 1	1	0.638497652582	0.992175273865	105	100	534
239, 314	2	239	1, 1	1	0.638497652582	0.992175273865	100	95	539
239, 333	2	239	1, 1	1	0.638497652582	0.992175273865	101	96	538
239, 372	2	239	1, 0	1	0.677621283255	0.992175273865	71	66	568
239, 51	2	239	1, 0	1	0.694835680751	0.992175273865	82	77	557
239, 53	2	239	1, 1	1	0.638497652582	0.992175273865	87	82	552
281, 0	2	281	1, 0	1	0.677621283255	0.995305164319	78	75	561
281, 106	2	281	1, 0	1	0.677621283255	0.993740219092	80	76	559
281, 110	2	281	1, 1	1	0.638497652582	1.0	93	93	546
281, 115	2	281	1, 1	1	0.638497652582	0.992175273865	96	91	543
281, 134	2	281	1, 0	1	0.69014084507	1.0	80	80	559
281, 151	2	281	1, 0	1	0.679186228482	0.996870109546	77	75	562
281, 153	2	281	1, 0	1	0.677621283255	1.0	72	72	567
281, 157	2	281	1, 0	1	0.672926447574	0.996870109546	73	71	566
281, 173	2	281	1, 0	1	0.674491392801	0.993740219092	78	74	561
281, 176	2	281	1, 0	1	0.682316118936	1.0	75	75	564
281, 178	2	281	1, 0	1	0.682316118936	1.0	75	75	564
281, 193	2	281	1, 0	1	0.671361502347	0.995305164319	74	71	565
281, 198	2	281	1, 0	1	0.680751173709	0.992175273865	84	79	555
281, 212	2	281	1, 0	1	0.680751173709	0.996870109546	78	76	561
281, 224	2	281	1, 1	1	0.638497652582	0.993740219092	89	85	550
281, 239	2	281	1, 1	1	0.638497652582	0.992175273865	92	87	547
281, 26	2	281	1, 1	1	0.638497652582	0.992175273865	89	84	550
281, 269	2	281	1, 0	1	0.677621283255	0.995305164319	78	75	561
281, 270	2	281	1, 0	1	0.676056338028	0.996870109546	75	73	564
281, 29	2	281	1, 1	1	0.638497652582	1.0	98	98	541
281, 298	2	281	1, 1	1	0.638497652582	0.990610328638	100	94	539
281, 303	2	281	1, 0	1	0.687010954617	0.996870109546	82	80	557
281, 304	2	281	1, 1	1	0.638497652582	1.0	106	106	533
281, 314	2	281	1, 1	1	0.638497652582	1.0	101	101	538
281, 318	2	281	1, 0	1	0.672926447574	0.992175273865	79	74	560
281, 333	2	281	1, 1	1	0.638497652582	1.0	108	108	531
281, 339	2	281	1, 1	1	0.638497652582	0.993740219092	95	91	544
281, 346	2	281	1, 0	1	0.674491392801	0.992175273865	80	75	559
281, 362	2	281	1, 1	1	0.638497652582	0.990610328638	100	94	539
281, 372	2	281	1, 0	1	0.677621283255	1.0	72	72	567
281, 374	2	281	1, 0	1	0.674491392801	0.995305164319	76	73	563
281, 375	2	281	1, 1	1	0.638497652582	0.992175273865	94	89	545
281, 51	2	281	1, 0	1	0.694835680751	1.0	83	83	556
281, 53	2	281	1, 1	1	0.638497652582	1.0	94	94	545
281, 62	2	281	1, 0	1	0.68544600939	0.996870109546	81	79	558
298, 110	2	298	1, 1	1	0.638497652582	0.990610328638	99	93	540
298, 134	2	298	1, 0	1	0.69014084507	0.990610328638	86	80	553
298, 153	2	298	1, 0	1	0.677621283255	0.990610328638	78	72	561
298, 176	2	298	1, 0	1	0.682316118936	0.990610328638	81	75	558
298, 178	2	298	1, 0	1	0.682316118936	0.990610328638	81	75	558
298, 281	2	298	1, 1	1	0.638497652582	0.990610328638	100	94	539
298, 29	2	298	1, 1	1	0.638497652582	0.990610328638	101	95	538
298, 304	2	298	1, 1	1	0.638497652582	0.990610328638	111	105	528
298, 314	2	298	1, 1	1	0.638497652582	0.990610328638	103	97	536
298, 333	2	298	1, 1	1	0.638497652582	0.990610328638	80	74	559
298, 372	2	298	1, 0	1	0.674491392801	0.990610328638	76	70	563
298, 51	2	298	1, 0	1	0.694835680751	0.990610328638	89	83	550
298, 53	2	298	1, 1	1	0.638497652582	0.990610328638	101	95	538
304, 100	2	304	1, 0	1	0.683881064163	0.996870109546	92	90	547
304, 106	2	304	1, 0	1	0.677621283255	0.993740219092	92	88	547
304, 110	2	304	1, 1	1	0.638497652582	1.0	105	105	534
304, 115	2	304	1, 1	1	0.638497652582	0.992175273865	109	104	530
304, 121	2	304	1, 0	1	0.680751173709	0.995305164319	92	89	547
304, 134	2	304	1, 0	1	0.69014084507	1.0	92	92	547
304, 153	2	304	1, 0	1	0.677621283255	1.0	84	84	555
304, 158	2	304	1, 0	1	0.671361502347	0.993740219092	88	84	551
304, 176	2	304	1, 0	1	0.682316118936	1.0	87	87	552
304, 178	2	304	1, 0	1	0.682316118936	1.0	87	87	552
304, 198	2	304	1, 0	1	0.680751173709	0.992175273865	96	91	543
304, 224	2	304	1, 1	1	0.638497652582	0.993740219092	105	101	534
304, 239	2	304	1, 1	1	0.638497652582	0.992175273865	105	100	534
304, 256	2	304	1, 0	1	0.669796557121	0.993740219092	87	83	552
304, 26	2	304	1, 1	1	0.638497652582	0.992175273865	106	101	533
304, 269	2	304	1, 0	1	0.676056338028	0.993740219092	91	87	548
304, 281	2	304	1, 1	1	0.638497652582	1.0	106	106	533
304, 29	2	304	1, 1	1	0.638497652582	1.0	111	111	528
304, 298	2	304	1, 1	1	0.638497652582	0.990610328638	111	105	528
304, 314	2	304	1, 1	1	0.638497652582	1.0	112	112	527
304, 320	2	304	1, 0	1	0.672926447574	0.995305164319	87	84	552
304, 326	2	304	1, 0	1	0.669796557121	0.992175273865	89	84	550
304, 333	2	304	1, 1	1	0.638497652582	1.0	119	119	520
304, 339	2	304	1, 1	1	0.638497652582	0.993740219092	107	103	532
304, 346	2	304	1, 0	1	0.674491392801	0.992175273865	92	87	547
304, 353	2	304	1, 0	1	0.674491392801	0.995305164319	88	85	551
304, 362	2	304	1, 1	1	0.638497652582	0.990610328638	106	100	533
304, 371	2	304	1, 0	1	0.688575899844	0.995305164319	97	94	542
304, 372	2	304	1, 0	1	0.677621283255	1.0	84	84	555
304, 374	2	304	1, 0	1	0.677621283255	0.998435054773	86	85	553
304, 375	2	304	1, 1	1	0.638497652582	0.992175273865	107	102	532
304, 51	2	304	1, 0	1	0.694835680751	1.0	95	95	544
304, 53	2	304	1, 1	1	0.638497652582	1.0	107	107	532
304, 62	2	304	1, 0	1	0.679186228482	0.990610328638	97	91	542
304, 93	2	304	1, 0	1	0.671361502347	0.990610328638	92	86	547
304, 98	2	304	1, 0	1	0.669796557121	0.990610328638	91	85	548
314, 110	2	314	1, 1	1	0.638497652582	1.0	100	100	539
314, 115	2	314	1, 1	1	0.638497652582	0.992175273865	96	91	543
314, 134	2	314	1, 0	1	0.69014084507	1.0	87	87	552
314, 153	2	314	1, 0	1	0.677621283255	1.0	79	79	560
314, 176	2	314	1, 0	1	0.682316118936	1.0	82	82	557
314, 178	2	314	1, 0	1	0.682316118936	1.0	82	82	557
314, 183	2	314	1, 0	1	0.671361502347	0.992175273865	85	80	554
314, 198	2	314	1, 0	1	0.680751173709	0.992175273865	91	86	548
314, 224	2	314	1, 1	1	0.638497652582	0.993740219092	101	97	538
314, 239	2	314	1, 1	1	0.638497652582	0.992175273865	100	95	539
314, 24	2	314	1, 0	1	0.672926447574	0.993740219092	84	80	555
314, 251	2	314	1, 0	1	0.671361502347	0.990610328638	87	81	552
314, 258	2	314	1, 0	1	0.668231611894	0.992175273865	83	78	556
314, 26	2	314	1, 1	1	0.638497652582	0.992175273865	101	96	538
314, 260	2	314	1, 0	1	0.671361502347	0.995305164319	81	78	558
314, 280	2	314	1, 0	1	0.668231611894	0.992175273865	83	78	556
314, 281	2	314	1, 1	1	0.638497652582	1.0	101	101	538
314, 29	2	314	1, 1	1	0.638497652582	1.0	105	105	534
314, 298	2	314	1, 1	1	0.638497652582	0.990610328638	103	97	536
314, 304	2	314	1, 1	1	0.638497652582	1.0	112	112	527
314, 333	2	314	1, 1	1	0.638497652582	1.0	115	115	524
314, 339	2	314	1, 1	1	0.638497652582	0.993740219092	102	98	537
314, 346	2	314	1, 0	1	0.674491392801	0.992175273865	87	82	552
314, 362	2	314	1, 1	1	0.638497652582	0.990610328638	101	95	538
314, 372	2	314	1, 0	1	0.677621283255	1.0	79	79	560
314, 374	2	314	1, 0	1	0.674491392801	0.995305164319	83	80	556
314, 375	2	314	1, 1	1	0.638497652582	0.992175273865	102	97	537
314, 51	2	314	1, 0	1	0.694835680751	1.0	90	90	549
314, 53	2	314	1, 1	1	0.638497652582	1.0	101	101	538
314, 62	2	314	1, 0	1	0.679186228482	0.990610328638	92	86	547
333, 110	2	333	1, 1	1	0.638497652582	1.0	107	107	532
333, 115	2	333	1, 1	1	0.638497652582	0.992175273865	104	99	535
333, 134	2	333	1, 0	1	0.69014084507	1.0	94	94	545
333, 153	2	333	1, 0	1	0.677621283255	1.0	86	86	553
333, 176	2	333	1, 0	1	0.682316118936	1.0	89	89	550
333, 178	2	333	1, 0	1	0.682316118936	1.0	89	89	550
333, 198	2	333	1, 0	1	0.680751173709	0.992175273865	98	93	541
333, 224	2	333	1, 1	1	0.638497652582	0.993740219092	80	76	559
333, 239	2	333	1, 1	1	0.638497652582	0.992175273865	101	96	538
333, 26	2	333	1, 1	1	0.638497652582	0.992175273865	101	96	538
333, 281	2	333	1, 1	1	0.638497652582	1.0	108	108	531
333, 29	2	333	1, 1	1	0.638497652582	1.0	112	112	527
333, 298	2	333	1, 1	1	0.638497652582	0.990610328638	80	74	559
333, 304	2	333	1, 1	1	0.638497652582	1.0	119	119	520
333, 314	2	333	1, 1	1	0.638497652582	1.0	115	115	524
333, 339	2	333	1, 1	1	0.638497652582	0.993740219092	80	76	559
333, 346	2	333	1, 0	1	0.674491392801	0.992175273865	94	89	545
333, 362	2	333	1, 1	1	0.638497652582	0.990610328638	85	79	554
333, 372	2	333	1, 0	1	0.677621283255	1.0	86	86	553
333, 374	2	333	1, 0	1	0.674491392801	0.995305164319	90	87	549
333, 375	2	333	1, 1	1	0.638497652582	0.992175273865	104	99	535
333, 51	2	333	1, 0	1	0.694835680751	1.0	97	97	542
333, 53	2	333	1, 1	1	0.638497652582	1.0	108	108	531
333, 62	2	333	1, 0	1	0.679186228482	0.990610328638	99	93	540
339, 110	2	339	1, 1	1	0.638497652582	0.993740219092	90	86	549
339, 134	2	339	1, 0	1	0.69014084507	0.993740219092	81	77	558
339, 153	2	339	1, 0	1	0.677621283255	0.993740219092	73	69	566
339, 176	2	339	1, 0	1	0.680751173709	0.993740219092	75	71	564
339, 178	2	339	1, 0	1	0.682316118936	0.993740219092	76	72	563
339, 281	2	339	1, 1	1	0.638497652582	0.993740219092	95	91	544
339, 29	2	339	1, 1	1	0.638497652582	0.993740219092	91	87	548
339, 304	2	339	1, 1	1	0.638497652582	0.993740219092	107	103	532
339, 314	2	339	1, 1	1	0.638497652582	0.993740219092	102	98	537
339, 333	2	339	1, 1	1	0.638497652582	0.993740219092	80	76	559
339, 372	2	339	1, 0	1	0.677621283255	0.993740219092	73	69	566
339, 51	2	339	1, 0	1	0.694835680751	0.993740219092	84	80	555
339, 53	2	339	1, 1	1	0.638497652582	0.993740219092	91	87	548
346, 110	2	346	0, 1	1	0.674491392801	0.992175273865	76	71	563
346, 134	2	346	0, 0	1	0.699530516432	0.992175273865	49	44	590
346, 153	2	346	0, 0	1	0.713615023474	0.992175273865	58	53	581
346, 176	2	346	0, 0	1	0.715179968701	0.992175273865	59	54	580
346, 178	2	346	0, 0	1	0.713615023474	0.992175273865	58	53	581
346, 281	2	346	0, 1	1	0.674491392801	0.992175273865	80	75	559
346, 29	2	346	0, 1	1	0.674491392801	0.992175273865	85	80	554
346, 304	2	346	0, 1	1	0.674491392801	0.992175273865	92	87	547
346, 314	2	346	0, 1	1	0.674491392801	0.992175273865	87	82	552
346, 333	2	346	0, 1	1	0.674491392801	0.992175273865	94	89	545
346, 372	2	346	0, 0	1	0.713615023474	0.992175273865	58	53	581
346, 51	2	346	0, 0	1	0.724569640063	0.992175273865	65	60	574
346, 53	2	346	0, 1	1	0.674491392801	0.992175273865	81	76	558
362, 110	2	362	1, 1	1	0.638497652582	0.990610328638	99	93	540
362, 134	2	362	1, 0	1	0.69014084507	0.990610328638	86	80	553
362, 153	2	362	1, 0	1	0.677621283255	0.990610328638	78	72	561
362, 176	2	362	1, 0	1	0.679186228482	0.990610328638	79	73	560
362, 178	2	362	1, 0	1	0.682316118936	0.990610328638	81	75	558
362, 281	2	362	1, 1	1	0.638497652582	0.990610328638	100	94	539
362, 29	2	362	1, 1	1	0.638497652582	0.990610328638	96	90	543
362, 304	2	362	1, 1	1	0.638497652582	0.990610328638	106	100	533
362, 314	2	362	1, 1	1	0.638497652582	0.990610328638	101	95	538
362, 333	2	362	1, 1	1	0.638497652582	0.990610328638	85	79	554
362, 372	2	362	1, 0	1	0.677621283255	0.990610328638	78	72	561
362, 51	2	362	1, 0	1	0.694835680751	0.990610328638	89	83	550
362, 53	2	362	1, 1	1	0.638497652582	0.990610328638	101	95	538
372, 110	2	372	0, 1	1	0.677621283255	1.0	71	71	568
372, 115	2	372	0, 1	1	0.677621283255	0.992175273865	75	70	564
372, 126	2	372	0, 1	1	0.677621283255	0.996870109546	81	79	558
372, 134	2	372	0, 0	1	0.729264475743	1.0	58	58	581
372, 141	2	372	0, 1	1	0.677621283255	0.992175273865	92	87	547
372, 153	2	372	0, 0	1	0.716744913928	1.0	50	50	589
372, 176	2	372	0, 0	1	0.721439749609	1.0	53	53	586
372, 178	2	372	0, 0	1	0.721439749609	1.0	53	53	586
372, 198	2	372	0, 0	1	0.719874804382	0.992175273865	62	57	577
372, 224	2	372	0, 1	1	0.677621283255	0.995305164319	71	68	568
372, 225	2	372	0, 1	1	0.677621283255	0.993740219092	72	68	567
372, 239	2	372	0, 1	1	0.677621283255	0.992175273865	71	66	568
372, 250	2	372	0, 1	1	0.677621283255	0.990610328638	76	70	563
372, 26	2	372	0, 1	1	0.677621283255	0.995305164319	70	67	569
372, 266	2	372	0, 1	1	0.677621283255	0.993740219092	70	66	569
372, 281	2	372	0, 1	1	0.677621283255	1.0	72	72	567
372, 285	2	372	0, 1	1	0.677621283255	0.995305164319	71	68	568
372, 29	2	372	0, 1	1	0.677621283255	1.0	77	77	562
372, 292	2	372	0, 1	1	0.677621283255	0.995305164319	72	69	567
372, 298	2	372	0, 1	1	0.677621283255	0.993740219092	76	72	563
372, 304	2	372	0, 1	1	0.677621283255	1.0	84	84	555
372, 314	2	372	0, 1	1	0.677621283255	1.0	79	79	560
372, 333	2	372	0, 1	1	0.677621283255	1.0	86	86	553
372, 339	2	372	0, 1	1	0.677621283255	0.993740219092	73	69	566
372, 346	2	372	0, 0	1	0.713615023474	0.992175273865	58	53	581
372, 348	2	372	0, 1	1	0.677621283255	0.996870109546	73	71	566
372, 362	2	372	0, 1	1	0.677621283255	0.990610328638	78	72	561
372, 367	2	372	0, 1	1	0.677621283255	0.993740219092	73	69	566
372, 374	2	372	0, 0	1	0.713615023474	0.995305164319	54	51	585
372, 375	2	372	0, 1	1	0.677621283255	0.992175273865	73	68	566
372, 41	2	372	0, 1	1	0.677621283255	0.993740219092	84	80	555
372, 51	2	372	0, 0	1	0.733959311424	1.0	61	61	578
372, 53	2	372	0, 1	1	0.677621283255	1.0	73	73	566
372, 62	2	372	0, 0	1	0.715179968701	0.990610328638	61	55	578
374, 110	2	374	0, 1	1	0.674491392801	0.995305164319	74	71	565
374, 134	2	374	0, 0	1	0.723004694836	0.995305164319	60	57	579
374, 153	2	374	0, 0	1	0.712050078247	0.995305164319	53	50	586
374, 176	2	374	0, 0	1	0.718309859155	0.995305164319	57	54	582
374, 178	2	374	0, 0	1	0.718309859155	0.995305164319	57	54	582
374, 281	2	374	0, 1	1	0.674491392801	0.995305164319	76	73	563
374, 29	2	374	0, 1	1	0.674491392801	0.995305164319	81	78	558
374, 304	2	374	0, 1	1	0.674491392801	0.995305164319	86	83	553
374, 314	2	374	0, 1	1	0.674491392801	0.995305164319	83	80	556
374, 333	2	374	0, 1	1	0.674491392801	0.995305164319	90	87	549
374, 372	2	374	0, 0	1	0.713615023474	0.995305164319	54	51	585
374, 51	2	374	0, 0	1	0.699530516432	0.995305164319	45	42	594
374, 53	2	374	0, 1	1	0.674491392801	0.995305164319	77	74	562
375, 110	2	375	1, 1	1	0.638497652582	0.992175273865	90	85	549
375, 134	2	375	1, 0	1	0.69014084507	0.992175273865	81	76	558
375, 153	2	375	1, 0	1	0.677621283255	0.992175273865	73	68	566
375, 176	2	375	1, 0	1	0.682316118936	0.992175273865	76	71	563
375, 178	2	375	1, 0	1	0.682316118936	0.992175273865	76	71	563
375, 281	2	375	1, 1	1	0.638497652582	0.992175273865	94	89	545
375, 29	2	375	1, 1	1	0.638497652582	0.992175273865	73	68	566
375, 304	2	375	1, 1	1	0.638497652582	0.992175273865	107	102	532
375, 314	2	375	1, 1	1	0.638497652582	0.992175273865	102	97	537
375, 333	2	375	1, 1	1	0.638497652582	0.992175273865	104	99	535
375, 372	2	375	1, 0	1	0.677621283255	0.992175273865	73	68	566
375, 51	2	375	1, 0	1	0.694835680751	0.992175273865	84	79	555
375, 53	2	375	1, 1	1	0.638497652582	0.992175273865	91	86	548
